tdc hist
TDC hist: k;A;B
28;0;5085
30;0;7612
31;0;10688
32;0;13574
33;0;136
34;2;13537
36;18198;10786
37;7;8258
38;13765;0
39;10654;7111
40;2956;9078
41;13933;14003
42;8929;9461
43;13;6261
44;1258;13621
45;16070;5038
46;0;5452
47;14110;10098
48;6826;4471
49;5856;8271
50;20725;10446
52;6922;0
53;329;22267
54;20043;8228
55;1;8413
56;17500;1610
57;0;6107
58;9323;8673
59;1446;14700
60;25612;5559
61;0;858
62;18114;14210
63;5765;4445
64;13969;14186
65;415;1937
66;12337;20000
67;10642;4673
68;9624;1798
69;2320;5754
70;18294;11018
71;46;22189
72;3;3296
73;12745;1957
74;19346;17699
75;11801;3610
76;0;10132
77;10019;9783
78;5679;4909
79;4243;15198
80;15990;0
81;19658;13255
82;772;24915
83;6919;3698
84;15803;2748
85;13699;7136
86;0;17833
87;25343;8150
88;0;10867
89;16916;3637
90;6816;13133
91;13445;1308
92;8970;12860
93;0;5736
94;23149;8365
95;5347;6373
96;5486;27821
98;9720;20612
99;18755;0
100;0;3006
101;16621;0
102;3205;23923
103;15143;6346
104;9502;19755
105;6147;740
106;0;9907
107;13048;12608
108;9124;4610
109;13446;17507
110;8244;389
111;5135;9319
112;3818;0
113;22211;14115
114;0;7591
115;1568;12744
116;9828;4179
117;0;8252
118;13747;8147
119;6284;2645
120;13687;11837
121;13624;1
122;0;11779
123;16935;12062
124;4064;7461
125;9310;3361
126;6873;2850
127;10074;12891
128;0;10224
129;3594;12114
130;19823;5667
131;2816;13616
132;9888;0
133;0;14894
134;204189;159393
TDC hist: soucet A 1048576 B 1048576 | max A k=134 204189, B k=134 159393 | nepreceteno 0

